    OPTIONAL_PAGEBREAK "CHARACTERSHAPE_STRIPE", LINES_PER_CHAR
CHARACTERSHAPE_STRIPE
 .byte 68,204,136,153,17,51,34,102
 .byte 119,255,238,255,221,255,187,255
 .byte 68,204,136,153,17,51,34,102
    OPTIONAL_PAGEBREAK "CHARACTERSHAPE_STRIPE_MIRRORED", LINES_PER_CHAR
CHARACTERSHAPE_STRIPE_MIRRORED
 .byte 34,51,17,153,136,204,68,102
 .byte 238,255,119,255,187,255,221,255
 .byte 34,51,17,153,136,204,68,102
