    OPTIONAL_PAGEBREAK "CHARACTERSHAPE_STRIPE", LINES_PER_CHAR
CHARACTERSHAPE_STRIPE
 .byte 51,51,102,102,204,204,153,153
 .byte 255,238,255,221,255,187,255,119
 .byte 51,34,102,68,204,136,153,17
    OPTIONAL_PAGEBREAK "CHARACTERSHAPE_STRIPE_MIRRORED", LINES_PER_CHAR
CHARACTERSHAPE_STRIPE_MIRRORED
 .byte 204,204,102,102,51,51,153,153
 .byte 255,119,255,187,255,221,255,238
 .byte 204,68,102,34,51,17,153,136
